5.010000000000000142e+01
5.020000000000000284e+01
5.030000000000000426e+01
5.039999999999999858e+01
5.050000000000000000e+01
5.060000000000000142e+01
5.070000000000000284e+01
5.080000000000000426e+01
5.089999999999999858e+01
5.100000000000000000e+01
5.110000000000000142e+01
5.120000000000000284e+01
5.130000000000000426e+01
5.139999999999999858e+01
5.150000000000000000e+01
5.160000000000000142e+01
5.170000000000000284e+01
5.180000000000000426e+01
5.189999999999999858e+01
5.200000000000000000e+01
5.210000000000000142e+01
5.220000000000000284e+01
5.230000000000000426e+01
5.239999999999999858e+01
5.250000000000000000e+01
5.260000000000000142e+01
5.270000000000000284e+01
5.280000000000000426e+01
5.289999999999999858e+01
5.300000000000000000e+01
5.310000000000000142e+01
5.320000000000000284e+01
5.330000000000000426e+01
5.339999999999999858e+01
5.350000000000000000e+01
5.360000000000000142e+01
5.370000000000000284e+01
5.380000000000000426e+01
5.389999999999999858e+01
5.400000000000000000e+01
5.410000000000000142e+01
5.420000000000000284e+01
5.429999999999999716e+01
5.439999999999999858e+01
5.450000000000000000e+01
5.460000000000000142e+01
5.470000000000000284e+01
5.479999999999999716e+01
5.489999999999999858e+01
5.500000000000000000e+01
5.510000000000000142e+01
5.520000000000000284e+01
5.529999999999999716e+01
5.539999999999999858e+01
5.550000000000000000e+01
5.560000000000000142e+01
5.570000000000000284e+01
5.579999999999999716e+01
5.589999999999999858e+01
5.600000000000000000e+01
5.610000000000000142e+01
5.620000000000000284e+01
5.629999999999999716e+01
5.639999999999999858e+01
5.650000000000000000e+01
5.660000000000000142e+01
5.670000000000000284e+01
5.679999999999999716e+01
5.689999999999999858e+01
5.700000000000000000e+01
5.710000000000000142e+01
5.720000000000000284e+01
5.729999999999999716e+01
5.739999999999999858e+01
5.750000000000000000e+01
5.760000000000000142e+01
5.770000000000000284e+01
5.779999999999999716e+01
5.789999999999999858e+01
5.800000000000000000e+01
5.810000000000000142e+01
5.820000000000000284e+01
5.829999999999999716e+01
5.839999999999999858e+01
5.850000000000000000e+01
5.860000000000000142e+01
5.870000000000000284e+01
5.879999999999999716e+01
5.889999999999999858e+01
5.900000000000000000e+01
5.910000000000000142e+01
5.920000000000000284e+01
5.929999999999999716e+01
5.939999999999999858e+01
5.950000000000000000e+01
5.960000000000000142e+01
5.970000000000000284e+01
5.979999999999999716e+01
5.989999999999999858e+01
6.000000000000000000e+01
